image: /home/daling/DEMO/demo11_ws/src/demo11_test01_pkg/map/nav01.pgm
resolution: 0.050000
origin: [-48.000000, -51.000000, 0.000000]
negate: 0
occupied_thresh: 0.65
free_thresh: 0.196

